88696
545283
199893
551260
402218
385093
207052
913016
476429
311682
53413
401853
486350
111216
918379
917829
337384
36936
282610
268264
585319
837218
332269
591843
739080
357421
321757
204772
772605
377224
956900
121012
853773
983359
308536
137153
46551
45989
849394
685703
779318
90186
276102
965531
827392
16217
304525
714068
60521
435089
910399
808278
881349
966302
723004
166140
510763
272339
611273
160225
902645
559494
762840
971019
677795
290633
237311
535285
312031
136384
875147
401464
264155
472356
871086
764693
416855
268947
484115
509025
425086
169553
218834
258830
306480
917471
449983
693138
811867
103862
975261
430005
428674
31968
888432
868860
199776
840948
633264
826349
693477
876076
990873
576831
601119
784164
760352
148704
417012
383793
782656
51682
210956
925724
679409
22019
121547
697658
806650
588951
684732
692841
865630
524820
528585
589993
99122
406522
326758
377684
759758
108509
268430
643580
27554
161552
919206
89439
263904
879408
527933
971401
902551
94218
502709
981639
301664
558122
226363
910915
336689
859329
824305
634689
157199
79154
294189
720885
890272
715001
513179
271998
680734
933112
408318
518019
684712
526944
637779
645033
213682
290552
383574
364974
972317
230797
856926
662565
814882
7543
576803
751822
813543
236803
159072
52241
58548
445634
439955
992407
603967
249645
218850
769285
555171
257459
918680
737814
860655
896417
265036
5140
998683
108845
361442
915507
297238
355807
519019
7562
510778
455453
385512
459567
873185
147281
15084
176109
857681
821945
583647
210020
503699
647626
385502
802174
365345
427522
703104
589066
794301
90825
232244
385782
610142
580355
547654
188333
644485
261365
562240
37003
292783
940689
946157
850617
198563
862368
408697
801386
440555
619402
716788
764593
967007
595589
608309
438908
206236
161368
601499
563569
374868
748683
276655
743843
519807
193133
886629
155633
229680
658049
494465
846523
157378
590982
626839
893826
226481
30178
504171
584539
742533
265962
214326
199824
86952
926033
711498
767444
459673
144298
621261
44640
197753
795803
762081
214382
525571
254240
133348
865105
434137
367609
303507
720175
496505
371634
970697
651549
602382
777421
265382
765717
325539
734541
419659
453782
424242
403745
600705
865880
111387
42924
793721
811627
788272
455213
162606
549931
626413
644752
539302
398946
27333
102416
486552
488250
348375
574983
678248
459421
608512
255379
559822
698539
953545
603879
514132
901911
168193
257323
970366
921183
952806
294481
619715
490470
636989
539190
287738
114287
668481
265648
177488
178168
669112
187962
420021
100529
952992
923321
984343
955799
692809
338922
685639
256242
777404
746603
732983
943335
997401
269922
287844
238010
827647
537102
427857
404709
821155
601704
866921
812877
118596
210741
197318
40871
531573
486571
393423
829735
739737
830845
367803
251744
651053
89541
769205
659773
583423
66190
963864
486746
702077
294971
181657
461248
861352
527894
903684
692667
986792
536505
842783
995866
27128
761299
489643
862083
69889
329559
336456
108656
168709
860807
917304
983370
844338
469529
938556
51424
553175
442883
175450
979588
702322
651240
622784
655938
284391
251039
629634
570366
400526
519260
376576
912297
732771
976893
510627
653215
363745
36147
210118
710049
389672
341707
382769
86506
4378
369240
112640
588528
668806
146751
744994
820472
197244
73695
895613
215382
493120
768410
599663
697088
845721
362629
242224
104270
207625
75240
384915
882961
836630
957170
221867
363981
820167
80572
752202
388308
204971
820088
951973
733632
47826
459702
550547
765836
144607
961938
394676
44879
966133
456446
842798
719383
653775
215400
383507
352158
46060
506375
618591
277804
833191
654599
24925
783368
672036
333391
226600
339420
323175
4267
392399
64740
472447
830043
576594
752530
649311
249847
374537
475522
352780
920125
668516
466773
997938
125497
278093
494444
741074
881232
804010
327619
639830
605864
937854
708711
684550
356279
171247
759317
182994
515623
340258
347441
946511
170595
251650
263712
371711
991041
329248
166210
835401
358604
759413
744143
871367
626924
497410
896717
604414
849268
189144
689131
396073
462217
501108
230206
387694
730154
366978
525973
221490
868191
48770
61690
218056
689346
135752
561608
508292
212708
874013
23140
696430
477150
467459
873945
294994
896246
171478
246228
294325
994026
885966
392569
932834
930012
21153
678111
604769
135321
270534
893167
255625
706823
41363
641428
492973
929067
568840
463583
759474
805397
805476
303739
224641
981545
637429
704263
758679
743690
67822
479253
117881
775844
394288
462527
436037
173334
680491
855905
968804
579451
705694
784822
935068
945364
781626
750610
114306
274067
603620
952377
353421
713862
631514
90907
277189
553374
404973
530221
859481
977564
26284
66725
71760
263575
797345
662162
167960
806828
857269
776277
194619
526402
465390
553472
132207
894328
439257
853833
883596
182254
284867
976810
638744
360109
763297
951705
599038
858740
587279
317727
140510
119648
589685
465368
879613
593335
240134
913222
399453
442577
174306
641809
266600
831267
181084
846559
50822
446953
690069
627148
315150
917039
827655
374086
569688
138557
725918
162568
478065
685021
662848
520433
225000
624714
539438
828992
898693
85431
79490
675887
916249
343544
306776
106473
29297
805201
430153
453224
370084
771098
906323
212527
146828
455499
625684
597025
891025
208810
547637
308285
575777
463886
147620
970103
987452
738446
430777
950707
604843
670092
284218
488096
317904
565655
806714
3823
595609
922945
430684
193519
460046
863295
152181
25095
718346
929078
642191
144655
764487
876904
487818
225483
479250
53178
723742
523716
248925
604769
712827
432581
848627
69481
154129
562799
792710
239138
817004
486841
674148
725543
876151
788104
795976
870284
634913
76967
991629
756899
630940
601507
382334
823211
172418
672710
43144
774230
699282
365742
313169
815350
848281
700681
689825
477827
158316
930223
234302
436619
416657
634459
230551
365750
70078
286727
764310
690933
92025
82788
183960
213511
223454
543795
702329
886120
519103
345027
34696
191702
220582
772807
543258
208513
854389
567699
519418
808526
994223
317939
801534
16968
175695
855272
35252
250532
69782
509888
347324
665775
405218
49169
330607
303702
911738
988881
202557
561553
422758
196949
405269
410477
848251
827876
975293
822902
7093
190008
276289
341245
60284
379728
434504
604939
824969
503221
159682
38818
195490
500231
552253
259500
764737
515010
74711
588099
282771
227987
45070
770844
361436
560849
413939
337105
304055
916954
194621
937033
450107
284875
984122
837893
404090
211291
101280
128330
331811
545172
162690
540135
450439
536175
268190
347426
642297
439244
837587
668675
730254
653131
455600
246332
795395
541002
410343
458291
163198
757051
412640
649134
836333
866016
252202
222106
116811
345574
680652
458232
927105
473180
872570
33893
371753
57166
998243
782340
699949
190402
216295
723146
999886
65422
963046
152613
839425
784852
469556
845578
233843
239388
322472
804506
488686
82700
743571
564080
817619
838726
510158
992329
54535
948510
859309
5904
406763
798327
208784
728838
474819
118201
827031
731979
15672
363120
756917
874571
859064
948164
169886
415432
267579
607633
57114
332351
142305
864610
574396
759738
2615
515535
119211
988466
820313
526832
404319
272862
425777
254973
881000
310748
679645
776004
212264
721595
605167
292805
100769
975651
823758
504685
739049
480929
938873
745710
57274
864723
559020
735671
33510
515244
451035
691029
45735
775845
365083
631526
258517
73089
87328
258421
581424
378874
82977
758007
971677
602061
669272
580321
667374
453727
2149
994980
277850
140619
220882
604422
878156
379401
788593
15390
978454
313276
77730
18860
321542
265560
219953
124499
799761
996205
110940
110579
538540
657237
586930
89191
629818
217206
538390
59416
995296
69109
996067
292732
901300
409912
383082
704943
487699
124885
367638
541996
420881
11676
810225
12072
204748
724285
2943
674187
142169
395416
500488
633611
16352
107744
917299
360807
956484
825706
871246
761918
965306
453784
51243
506441
22651
640604
483364
460987
85524
954859
616254
364852
657627
227649
846635
461724
417404
945418
263081
204706
448561
671412
707785
876497
530512
542543
478538
353228
23806
343645
707364
907494
783745
292796
288480
349536
973108
748333
932900
414336
766163
461120
741517
475018
369142
256222
68981
142366
211931
199730
599508
44078
776540
940789
550530
187609
943167
454806
337434
822569
519852
534402
611258
953062
953017
417685
178856
113173
731745
244509
588175
903504
833812
744902
267623
439683
616424
552232
739250
415360
393709
518058
281058
251712
742173
739601
397528
944183
818610
228009
273543
905490
478802
476366
970295
509072
879846
324887
841254
238266
89224
945376
915784
31297
314203
692339
723823
140146
190836
583059
350855
119064
139765
753508
369784
194030
521083
431546
330286
713215
239405
916476
89141
204124
234933
945268
769789
282745
888907
606199
780157
293989
339949
649067
168052
614565
765163
986426
462795
930028
91358
212178
828247
775096
969849
492054
763194
135819
765239
265764
153641
36548
301556
986179
18632
743899
793176
8937
619889
920886
874222
967719
282259
202666
989778
424370
180471
47313
251593
721231
900318
249860
740267
937114
849223
695925
801019
873458
125964
177836
373527
171973
964524
65628
135562
626803
201252
454881
358079
216545
841462
846937
937681
931933
769675
773020
410429
351145
49140
949785
455609
105446
983500
792718
777182
854430
449978
408547
154624
966254
387539
308260
145310
8974
406236
918553
155573
958655
867692
846148
828399
804048
123888
63031
18169
291788
910089
126991
509426
807043
560848
378065
729086
931700
302329
707999
173307
831956
883669
783254
126668
347389
96497
55112
804112
263094
677084
919505
89143
908955
171782
589208
417387
173993
307268
397220
573225
280616
69041
271384
961203
402101
986798
721548
117854
455339
691401
160010
891334
309934
114555
289186
863394
556051
791756
965098
420658
167279
61009
880598
111189
884859
121621
556080
885879
711649
834646
715700
865767
716069
682662
112138
290246
779763
563571
677280
746523
588033
344160
924707
898244
538336
212817
693339
865671
301221
746886
134369
107911
139310
794335
978685
431506
181267
639422
53856
704855
489963
681481
63866
656181
252344
194574
162489
195246
614832
919490
592032
371194
180713
384610
119231
174712
246880
835899
984469
216831
641509
796676
500286
762643
771495
970857
576474
117300
669016
851619
644733
347152
343548
20546
805068
466776
312083
174860
177402
529071
543265
606463
554207
678335
425111
115059
675250
44710
365663
414300
289507
221070
722505
889643
250520
980891
590413
652243
89537
951037
701500
376873
613466
672165
184328
945828
237245
513235
708332
486852
481889
650574
125369
609936
115123
718830
279231
492407
10511
181587
727572
816344
916763
965304
133572
435357
411392
52641
786389
245698
863046
327090
367093
327988
438539
825242
784322
284692
560096
848684
593334
890714
578432
464910
486126
997015
178350
251722
273045
993043
58666
221762
559665
906708
6095
742528
789450
181504
200716
97708
974642
825306
610749
379926
312822
573352
590629
681011
381855
501749
10
920037
286693
956466
291694
188531
243633
510008
969381
994200
174605
91817
366488
603959
250667
616628
658708
947692
947663
467510
945423
313533
115481
433214
863674
987567
561011
803497
171260
932213
107731
854508
122000
853315
241069
832049
832572
900802
794553
847192
271468
944796
487324
678686
680172
146870
325686
38683
288383
736958
168967
524261
763678
429593
564286
226386
333904
653759
380832
184219
944162
140707
718481
379101
881156
889610
174659
804473
530368
336637
305912
725466
643671
129178
971189
991318
951866
754244
566213
967854
935970
323002
511718
117680
328140
77509
960405
86844
33365
683659
571057
200355
755885
368577
829454
291307
893819
393406
504729
650607
647821
400362
482147
859171
454138
739285
315276
616181
384343
760292
468173
950800
805330
419238
87521
787450
426414
596677
500561
142877
595099
689175
797723
504355
734641
967636
840510
766714
899209
298978
333477
428215
569912
985997
300141
139031
928297
374930
932309
456544
994006
115098
845249
232358
180771
287364
948907
331497
635351
75739
632935
204700
480375
518631
506512
635392
460161
301855
779796
972655
440770
612796
702234
474869
304468
2408
225163
531033
463224
129685
969924
736249
113932
79531
221206
341075
180393
31961
789240
983712
629019
444045
782922
111066
871934
385278
210182
128799
460849
562790
487301
610094
672570
1166
77868
298061
774774
123137
492913
18829
924219
746530
796813
486757
931596
694746
851136
990204
309176
498409
392892
804739
247695
798942
205231
23038
805890
550945
350704
430626
485718
197806
683781
609178
581636
335772
427663
254948
358577
322843
35987
69848
789317
166845
320037
102665
417578
473771
597107
617732
913379
319736
995755
766005
716870
619538
612938
628713
735064
110420
183618
849710
816195
914937
797703
400151
171830
291756
591799
606940
866265
171131
247524
563166
726956
51049
162751
380487
452475
155106
850978
241872
918336
115849
428729
497756
12821
477934
416526
229698
167444
298267
171697
314856
287309
71629
775680
403338
30947
485440
244312
363930
667331
880291
454680
920962
86978
823403
771215
495109
632210
841924
442434
439235
885793
358049
73435
795739
959951
924340
92720
320299
703369
27194
786351
940594
250631
385390
585508
930967
22878
631901
184359
954307
739650
979609
360101
119977
177628
623047
963977
172069
435076
523412
463366
220226
936412
934980
600899
824598
925640
935083
228708
15752
827725
367092
949170
176050
926469
962910
735398
857121
264892
242183
150551
233657
899755
456161
996989
455606
103055
230145
116001
699405
1764
661590
77475
994416
540867
769398
653287
498161
279573
83540
277918
424126
388275
771982
430252
664266
468892
102051
485819
379405
648210
373058
514652
286561
21329
456765
750293
538829
354093
480028
79307
37215
277127
94862
377037
851378
45291
652731
145082
7376
515977
724917
925777
481712
508878
698572
657747
586528
165279
444992
528471
254398
356274
785617
498346
148832
336585
809267
989600
692948
377803
685150
673148
381249
732224
908929
610423
931500
130728
777622
638128
205015
976825
903953
617969
150339
574388
38130
229466
364311
217891
904250
906925
837401
697393
836282
236661
224728
209509
268486
506515
132204
998397
897865
714470
889622
546211
787954
973142
341185
523278
808396
238014
7210
852408
792812
345844
529115
683127
972675
188534
748114
594555
907155
986162
563265
131299
194879
815409
140975
90108
614203
825378
311292
816918
762786
912255
183681
819461
267686
769630
380054
121905
231265
80662
168109
266522
302859
365388
458907
203757
30021
582873
296631
592187
27665
951193
649755
962908
713381
867859
844808
424159
793940
736704
252966
847852
791724
589562
593768
115705
403423
720322
861582
442341
758809
471086
71364
639028
873776
885933
943144
217960
112186
756024
275497
436728
773112
1752
791050
262704
834287
367438
589766
678564
15895
89506
13838
716242
97389
367563
244526
297043
888995
25015
458317
249726
432439
383417
411091
133018
207649
659725
643109
649277
788070
823688
364619
46853
307338
108768
106483
101490
888034
175893
714575
805855
952072
969852
62873
706203
66023
128230
819702
8104
655989
120561
911608
801679
909953
842027
471422
379358
860258
377694
58742
794112
461391
77820
366851
383159
492301
852456
79418
201080
126275
238430
277061
955107
309801
7489
863466
591965
103263
971712
650150
420364
825882
162147
782259
116590
803897
467704
550249
253142
777334
162324
882049
440773
351927
478344
725236
444769
637124
920290
136898
259092
611476
403485
448462
40260
997120
715878
302822
65578
220825
936011
964961
789137
207829
297026
196513
917741
852196
519380
759544
927510
491808
317669
585063
423392
417443
523360
910786
269655
114676
588483
833903
428060
711577
183812
828173
489431
721936
796767
906673
398103
147352
227709
112971
623566
567594
112770
583911
504546
525125
682675
839056
561137
76711
45634
49615
345636
925399
723320
815057
811310
849119
961470
194726
50402
581784
298824
969829
982447
603293
576287
868590
17593
443617
698633
300232
218324
507549
230806
312360
365023
948194
576010
313875
714043
948364
66594
529754
608487
30743
551813
882437
73850
991115
162185
593547
162171
800467
936222
925948
754912
347244
921947
250177
131234
945657
800867
232444
380089
183219
303411
962249
780793
457597
265164
247142
848009
621461
722615
557871
771323
683367
902202
698177
156173
980347
731285
726721
507387
345039
631353
324021
472255
336704
193030
741135
2663
957537
402175
51339
319504
467374
90573
850606
558852
209947
946348
787565
104366
765381
821494
314288
20854
280010
537226
94123
299837
475572
526233
320492
484662
721936
349517
75636
153951
220509
220950
393980
855196
477728
432594
914393
483182
81493
293143
325113
853972
555391
23264
828429
682750
212384
643283
391489
136874
743941
626219
317734
2590
410361
345671
799601
669824
116442
931278
682461
118677
421117
402283
11988
404025
5902
933898
838630
109353
145734
791825
470717
14063
934428
912360
948174
234347
40449
374663
984108
414492
595408
980438
331843
79886
537300
625908
140013
533104
413680
560788
45044
963843
836655
533441
498597
190319
306857
341122
197325
510704
249550
349208
935955
466861
923538
927460
688114
287721
798645
111205
533585
749906
713006
585631
336512
837047
749299
277784
857425
988695
328936
930237
987857
647892
666465
474145
78690
449223
953302
428069
507062
17069
1442
901170
985578
367806
462007
238499
65212
59742
123811
567616
893739
519917
536439
90726
44330
786937
796057
252354
468992
212115
107944
884540
542655
83071
84871
797680
588638
104645
673097
714327
182453
478564
426423
680196
723605
752486
163584
387467
236354
466511
226366
826300
838351
33647
414497
375885
557524
156055
118394
773909
67597
429544
68838
928373
31186
584646
767637
909329
770671
359404
972278
473276
306591
174618
122753
863922
326314
817129
318432
131070
634648
435966
678907
964092
442320
118877
949726
517881
832082
496341
809033
525174
983694
623833
739285
598156
220703
422447
225918
646313
404903
310913
470865
901624
452615
26642
930611
85471
869691
228362
468363
498530
983185
642738
805581
325412
599812
5819
97508
454286
555385
243832
814331
19336
891285
813740
410985
777829
580537
439550
10103
823131
423579
865545
426126
615599
441858
225552
360514
939119
185566
970894
117877
284441
422657
60588
910377
644442
264702
962252
29158
198064
543901
595778
86788
158448
9719
905507
86422
386020
686964
653813
41715
882380
873247
301062
276322
953989
74723
859352
294369
26888
906469
925881
871890
431113
821693
368625
955331
274495
926226
480341
311576
148163
435472
578873
560983
138258
717961
113347
566608
405357
34533
838810
429671
7328
793735
29628
404608
411615
863551
988271
766405
353291
892005
634383
807383
9492
364568
371334
593999
102905
454099
887770
785519
114028
770856
115809
14890
899153
584797
723343
832972
668708
61088
87600
832839
889017
10471
205105
537884
43167
803624
491032
114850
457246
523826
177044
788086
442400
125415
76143
720256
671212
629782
903007
178653
985165
402553
217532
140142
178257
909640
655181
890364
569325
30200
519419
888711
471486
680083
851047
718634
833962
48053
554903
795244
146853
800352
624395
431333
424464
566973
366574
790602
333691
949104
353256
613464
369355
423702
141136
210266
107639
711966
334591
584086
495212
258113
772992
704730
253393
560031
414755
911710
171877
137143
485937
400982
651203
718339
315961
50647
535303
476782
300233
210851
268363
307251
418296
653715
170251
162643
706144
310688
126247
714994
683754
878029
154694
485519
642754
252213
665878
253535
842025
798572
351602
680708
999464
443605
375069
650415
128226
799552
549419
729807
584131
496317
9983
275252
37013
827522
519151
893765
576433
199412
659972
163546
651346
525077
789725
757367
116165
953739
392370
694886
561596
657417
402102
78512
896194
856668
874390
329591
55050
725716
472031
168371
125792
463693
770108
840583
807105
721689
515356
581311
282310
245835
795314
734249
246074
714979
986070
931149
586637
689489
411785
355338
957602
914408
175318
693646
218563
161248
696275
862449
260596
59016
722567
243119
147237
196422
795494
222912
145600
970892
516919
339478
946595
483865
721174
894386
77160
663529
116502
627812
787679
480699
369214
395037
333469
264445
274420
998642
341741
2197
792632
931055
928357
893582
625863
673174
603668
590813
29919
637619
811736
916240
625506
860061
77900
259538
33428
91467
529118
597469
348159
843856
484414
526652
219062
215412
814770
397628
112502
272625
963142
731567
798312
958151
713505
620124
436547
449084
1524
159302
814350
748916
756043
576919
754371
72744
871686
960233
454799
71302
279969
778801
119414
6053
500782
951497
195668
892195
227173
589593
810814
722142
542930
813729
948295
559179
376876
752229
285598
404022
37574
381748
439573
390870
331806
774871
472188
903756
62163
887443
352108
59512
68212
375771
958880
236408
340596
420950
23677
492543
462393
21448
907314
636685
290195
957535
277626
695952
989578
470237
45630
513303
186448
313884
639064
527087
381781
703363
233779
619996
510906
211140
570702
358966
770525
856910
995935
928925
726035
17878
4948
338202
204787
676158
224884
516947
305807
488415
493093
444202
450046
108152
732806
892980
109205
776498
417980
609105
40116
34127
1163
787885
470204
969583
844250
588626
728222
231743
911513
700135
697295
889662
796158
603721
342167
480877
33514
205060
983497
800339
742123
299245
924557
325418
794778
879584
944921
318121
534949
42642
540350
468399
382311
850386
942879
248841
227379
593057
417148
363616
227568
520618
178732
638082
95646
893407
90089
313163
84727
471218
665733
309360
857200
997421
698299
705383
804446
390703
423329
660342
574710
85252
254969
375575
414957
867807
4262
652734
156854
235515
63783
807882
285691
106159
193557
988249
604274
251309
580171
678334
184051
747144
290793
46553
169982
498956
653092
301367
915766
56687
47437
771668
335484
93863
875772
998912
295017
286037
547993
288862
324327
831390
355718
312009
83437
857115
653932
781138
784085
933990
883745
314021
773851
228949
767027
707530
702068
67331
39892
744647
689544
374729
45921
907938
718862
297868
944593
940739
922435
487664
637175
113720
491399
417323
357171
893267
803796
503924
222075
366830
808091
627098
905665
244431
992125
753648
893442
555430
54947
265894
212779
842419
77626
820595
84903
60420
967246
525806
27209
261404
467906
337084
432979
583344
233578
108260
528673
268107
575813
206207
722485
208017
583578
832651
797024
645792
316845
25310
133321
391378
875102
532471
397725
443743
530143
886064
191635
742496
209488
754831
707354
436398
168825
356988
380450
418025
226275
377422
376260
545876
931475
426174
569551
267806
376868
669629
336816
206395
621312
677409
708861
152945
435771
839162
238814
127215
394636
646147
369752
541911
924648
605109
754808
447901
574204
433205
950616
901895
32007
404653
618769
528084
379475
865143
282109
561785
946126
420278
111015
848966
684937
42623
775762
701928
881676
316533
378530
613639
199059
147443
558251
120591
620970
928737
842261
383885
984160
90538
475497
528943
881835
608132
260282
120878
705560
157422
129522
688199
649453
982648
879096
805476
771421
500988
644987
313114
404326
62890
657502
744588
310283
712193
396672
612524
844713
339354
575270
234785
925817
799646
548360
900805
3553
519512
643509
766085
68342
252709
193251
979948
277011
912712
91863
374905
81551
501082
22445
449260
89693
200607
289989
768672
611781
547059
571018
63442
849339
907875
773344
269823
276633
376920
632937
134508
231550
391469
473717
116287
468866
170338
527236
667403
21973
372714
465912
615209
887859
290399
230428
237057
827270
339542
175179
710056
942360
365708
253310
588707
692658
413375
998710
578186
489558
284569
623426
940232
196118
181383
594669
48575
950224
409321
864584
564936
110086
989218
258448
940248
994846
416846
799803
582142
793395
483731
315044
110089
717589
119888
383504
703814
896228
792819
303516
804326
465604
801703
646149
307134
507005
620266
127572
405993
654578
566716
357668
284616
51708
748211
82385
10666
717539
226860
625727
279430
995960
377884
655428
236709
665106
973252
946931
791325
212579
949699
839174
884599
528246
866693
910119
728370
738439
337689
936859
339297
61182
840737
766411
104431
36106
898018
36273
817155
930903
749116
592219
500862
491499
133619
680863
281441
808034
769195
446940
773132
144004
957746
520616
76129
12544
339576
570331
132295
88264
457498
204279
82059
310728
193115
392563
716512
529988
209395
727331
541319
506765
607554
694853
565535
426333
948970
958754
111322
159689
183742
951864
379867
74502
748918
19720
890679
99266
868886
869218
740435
765871
427933
973259
932707
716334
265933
728000
920189
727082
125658
707034
337945
254594
468783
306381
68968
422750
182359
27594
212685
424355
917775
959493
854652
600897
25317
513233
724782
266473
190732
240806
967038
415580
686208
396869
273571
372703
625680
460146
393290
623819
860621
593056
749904
233664
692877
404139
848537
762746
561756
444223
529040
336060
535488
522262
626427
550696
205352
802654
943609
974000
848176
313976
900955
71783
71955
903517
360605
872881
817070
16411
957504
767833
413805
354365
499589
794625
235668
534857
235207
337268
929452
659235
800374
135000
517896
685647
637676
198655
128051
230804
511917
295452
394488
597564
564416
273874
907916
896311
917540
344488
705308
714207
505265
39961
106991
986518
710861
538504
177400
386571
110279
571473
193979
225756
41811
196475
927897
404693
485858
20297
368890
240215
505438
557808
600853
585236
600895
559010
550623
851575
397645
270985
184718
269280
697970
880591
535752
31437
299003
931482
172013
566868
545771
471253
710525
970060
933116
323497
749416
692492
788915
830540
400497
315403
464094
361456
446078
226599
99373
899803
459198
652801
37739
606166
172279
278341
826007
488127
412523
479047
913571
782778
405350
334985
571592
240388
731751
538777
198148
536871
65448
3223
560497
412042
328076
279317
683523
82208
769637
551959
834526
452737
401695
426809
962386
257045
278284
937968
909172
796332
142732
508456
337626
591787
22232
620109
549682
661090
514219
475814
774592
169977
398607
140635
983922
375111
65280
431063
833889
15365
551934
905160
50214
457239
926324
107587
407127
676938
216064
708933
935901
135900
6623
6741
921651
473588
986230
355141
962365
12466
429823
94102
522690
944673
628942
597307
457480
441929
117503
266742
967947
420001
178047
879135
11737
576290
872115
920580
475533
310583
634120
635049
244774
642193
41432
763760
441155
339222
924662
900436
36605
203321
602006
40591
887777
737445
590620
804892
358600
544083
772927
296279
856405
336123
943130
114240
264907
387686
857039
529246
851785
214882
621912
509312
495778
830863
882091
993630
538013
203415
504393
332063
233414
540987
710500
557940
356527
424776
442091
749729
563015
246312
319219
508764
777940
302036
508611
511886
114832
767783
125692
200182
726942
531662
56291
792685
398311
468700
400397
146692
36437
230714
662054
336393
991404
198140
288157
923113
932416
418766
35248
532143
878999
950861
315151
64618
505691
197426
665456
310957
778811
425897
374446
146864
615328
5248
752414
961940
996232
30586
433521
400964
875392
909060
979519
969207
400898
250239
153590
582674
568424
281980
58078
421929
73100
140614
789768
956390
879231
633816
401043
932354
308002
847535
1562
310193
868260
548282
808125
479323
95192
66159
565706
960452
882930
478135
848393
53836
583134
443657
270497
595794
422716
934420
274410
210356
294588
755670
561872
543538
540307
888970
887584
300785
601431
871934
367474
317659
594237
270594
850932
642211
443244
570813
646479
647398
748733
452441
747063
313005
65426
599838
906324
61391
686032
37853
504456
58356
640442
26946
454365
441396
188651
454093
806860
385629
803248
743834
930988
10131
858240
425500
994806
734482
373848
750056
394737
235984
740471
948205
921214
270526
345075
135682
152194
49196
650295
521304
186091
804748
217178
541327
14433
349518
550620
92260
465675
251755
759615
734151
297531
983742
574912
499018
666871
959756
365681
369974
608549
498212
102004
588664
111506
435746
383829
285369
62303
384141
897989
87691
676936
58080
663343
894654
873874
717862
384249
444243
378449
845758
244377
718536
888595
764798
877073
216530
529453
676340
384969
919273
42591
638408
326215
115069
586598
577981
356493
471110
481631
934678
281807
606905
71763
813909
266959
281942
451747
352351
197143
276382
509713
194043
858834
390242
745256
516153
145416
496119
17290
897711
791796
422854
891284
792734
527940
288640
935919
832756
362797
760878
264182
434283
377896
777446
891519
986511
59980
904346
264457
890972
451721
210442
630912
983493
282046
849113
149103
409297
448120
64638
773890
94688
963528
34257
423223
531788
691520
302021
36961
28843
295306
605877
663193
545264
925604
321687
804033
884273
475003
797005
192630
604803
32355
997402
206290
939521
449969
406641
344538
946156
158006
373289
735755
877612
482200
763278
254012
428213
502094
30737
716912
781701
186935
599583
275386
102921
60952
900622
471053
919647
946289
793780
290015
716727
134458
985810
974842
521298
248639
799854
464031
430252
528661
659582
181143
300343
588088
498816
704983
12925
51522
375911
686927
225958
328970
483823
59087
151066
602007
947793
172246
557118
138432
625427
65529
12379
29921
454199
577709
192349
717948
457747
169201
551095
448105
439617
910362
658723
615483
232300
833020
927175
226161
316171
752498
30644
705174
274538
906379
543431
709750
967972
555537
848562
603005
56557
307319
321621
672749
203468
201758
263046
507835
725605
11204
438064
20615
983220
808842
427223
792759
412822
611680
365113
805743
730689
132943
151568
843566
569173
772770
369141
470024
558794
419122
690270
997436
672392
863629
488456
115633
529685
79298
792112
139410
370792
408844
376570
522306
899293
607129
559221
377470
150018
136245
744886
923982
218830
540632
899168
402536
391985
877256
460422
432737
962567
914156
216423
346320
155238
482031
178776
446594
907798
742349
256255
289555
752096
862333
575483
537711
24127
89083
572641
835621
97715
627249
735650
593125
305397
565569
481864
141910
417221
492594
724383
555798
308319
131956
848816
283215
308876
121809
980329
922098
153876
682099
631640
978579
335953
431948
531414
535521
518046
366182
999232
257856
890991
392519
415009
622917
675194
205248
642860
275533
83027
355026
557028
40891
933078
595518
162910
851212
507261
259304
602142
587544
134738
893735
694431
363111
39742
739755
862511
625325
297727
181771
390262
819812
623736
554987
847767
185284
727778
118087
190702
496226
148640
467998
114042
737506
877041
168253
115796
251290
342079
764518
235357
610565
86932
146590
478455
170401
242092
818000
935337
720806
578725
699681
12902
963042
199763
837137
246055
126262
710576
603914
492469
29415
44208
688841
82051
275297
908915
383398
803063
731215
341780
672577
529865
265231
999455
819531
173956
581270
652959
95022
797738
883936
786388
969946
423157
685521
691715
980397
550775
668909
74088
406143
56931
424561
794695
676743
823012
764684
823264
223341
93931
389501
758657
140908
666950
400138
507701
330851
314284
9178
981530
97017
421141
624688
707793
264427
115014
520004
638926
319284
176170
20096
52623
561111
14940
179028
703721
656396
117186
905654
718973
737861
180819
570873
492810
137755
694904
590089
883868
584346
403664
360641
784035
738278
412366
349033
266782
605896
373181
72911
836726
539545
626660
146240
368999
167241
108037
132451
997017
961164
148415
984947
967949
79587
39891
209495
51443
447235
378883
33312
54936
755171
316566
322590
207484
523495
256889
246111
187201
650660
424064
832837
97408
362127
695050
420227
648438
168647
606977
438836
422044
908284
218816
765080
779412
541882
806032
280043
579647
954774
215627
223460
749803
862963
719906
451207
396970
658674
744186
872743
410046
346420
855728
506876
986288
156428
147454
241053
505472
574918
320245
531162
127350
35343
91306
490680
421719
915839
124206
229257
639091
52874
674997
177832
157659
201086
488855
934863
315249
139513
891829
595349
555415
361899
368820
77510
464009
446660
989605
720864
405447
277114
16133
696424
47147
570680
577887
41384
72473
751590
866192
900869
894675
425361
442851
858624
101036
683960
21594
93129
709524
813810
18958
827323
432722
808063
829166
518137
53009
118569
89059
861091
519185
103702
803988
323060
180094
330477
853893
783802
711710
651299
758298
22771
483683
50081
956154
84993
367264
952404
351439
33546
908760
741456
285801
58415
13939
247457
585922
32935
459274
846320
542300
632439
483041
87183
576199
78928
242484
300705
403519
86405
708778
852009
505265
703911
423718
31021
874014
219903
521917
462470
92504
109863
29826
273735
898922
163205
422396
995144
58709
635237
652857
990798
332340
609394
733884
585112
827585
376145
215633
227529
756720
566171
66753
742061
210681
944372
735842
936297
455411
249676
364294
685124
313564
956274
138067
201292
429685
632400
384627
773158
753802
217543
952737
750774
149456
123048
938788
899239
51878
635659
849433
761751
275646
449104
164328
830882
326293
220592
992025
292618
258398
285503
348543
452928
729085
355840
78354
752209
20462
370660
730459
427632
869446
763809
472328
916316
116882
804907
843039
330797
130076
518546
994703
193473
412299
629816
769699
619645
545002
920237
94160
905730
811393
810473
614125
933934
236703
233957
293250
175116
900282
613462
807096
744729
879277
896775
151088
711540
163295
230802
49328
832033
34244
277178
440761
838905
819517
943080
35572
376242
379355
597505
510090
304647
638657
446688
80019
556356
320935
453301
566374
8880
337275
828729
555919
329238
319330
822285
728542
370418
751195
988462
247964
963061
784837
687575
581785
788469
965879
3636
249825
778421
559821
430910
773901
175372
127043
435191
115573
240308
385081
668420
981827
682609
155286
639394
856099
836699
840585
608646
624534
122058
768427
747093
829222
477662
592640
101629
457588
437864
767453
421486
599981
43001
405987
919737
410523
238533
361385
603267
176983
514930
753144
563557
677981
89667
948911
476004
79992
497116
694023
961096
794588
170673
808305
332379
463058
247119
286940
949696
335757
962183
10898
970989
144284
988658
17538
495558
26489
698278
284824
44567
700286
426228
828872
633774
431799
106458
764587
988627
13458
959500
350400
814949
204083
372442
63827
803475
642724
296638
895610
75635
537386
409476
924220
102722
829299
290454
568973
241593
21227
651427
795061
450120
280109
428396
212238
349298
455766
503467
316588
901380
824438
329887
3479
423859
466848
456120
643187
404625
613985
212508
60481
875052
738765
835476
506174
23619
681396
544023
776937
10790
850036
100592
198242
890537
203048
385998
136558
863172
443583
448232
512471
946378
559975
111947
338800
168644
298791
522305
499383
264042
300940
531040
604627
233277
778299
57772
486972
87172
110182
808938
536697
200800
391258
764034
566085
896270
266804
723151
346699
4025
541043
237063
219089
822074
11625
824706
120497
508397
685004
471977
748417
254833
584745
178108
385876
881019
95992
869375
563994
170136
385802
379970
247586
444029
865119
685708
450624
538124
404884
167203
69002
524710
434873
135035
919804
845479
789185
39225
592699
521346
83922
328162
183351
119546
127997
825061
302249
517051
456135
937153
236092
941075
581030
815508
856648
856464
405832
27586
567609
642294
662476
475902
298382
956189
817684
608248
194046
883493
181042
477923
568181
718807
188351
323361
595195
436634
937546
197134
132662
283151
655406
225062
494662
599049
334397
932244
362318
848748
734424
662168
255762
169185
912480
20691
431868
266355
101703
500850
22649
690697
641088
245429
978752
834432
494613
76315
707891
105253
185559
429036
562270
136908
514159
487778
80604
987791
110803
187829
814296
397927
772245
78082
937393
694048
988117
91863
702967
640444
894167
120670
366483
395430
774831
958563
498435
402897
493977
952771
698114
351853
605477
791283
912261
413254
500303
256426
950882
212729
603309
29804
191692
881427
649537
856948
354873
404231
490286
739710
60580
550028
270536
335022
152622
974097
690436
458784
759200
444702
188558
417485
583883
255112
597178
45462
152400
381969
440146
607281
539900
51738
795917
18029
130187
404421
909409
143203
324814
361771
495151
821179
365094
492663
907485
542424
50160
357405
45186
201761
574075
744187
680442
668333
230708
596426
619608
621194
585315
477568
992635
193642
165070
32262
651193
76907
691003
624017
204985
168834
751763
282591
67293
419011
963618
922000
301148
654479
522747
492127
973229
418714
589305
815419
765151
359767
808288
424966
96390
807555
395297
557865
628815
126091
63676
589586
811701
423003
462528
230347
224652
705668
94190
450232
91323
728009
33340
913965
426887
437319
834293
2089
414410
503934
270909
43060
238594
412160
832051
948304
157957
511476
188975
802206
923730
730375
802858
54993
638852
138801
638333
211911
45088
88927
769858
793353
843661
84866
467543
572448
164195
412276
684225
935506
749531
468418
91372
445688
535399
943194
655248
6781
478427
867090
564016
89333
902600
22867
673724
692375
585706
389152
427863
941337
261431
651975
849971
483303
948183
530530
398935
556607
417843
599754
443074
13419
542374
743578
50730
548700
531665
448667
480477
487904
367243
379345
637001
563968
601333
580001
40343
917561
521643
349277
508913
979989
479830
379502
660004
728164
621086
163293
749281
896732
69565
658814
403166
931787
137199
214585
44954
945076
999237
974518
919869
710030
988249
49380
17565
232085
681308
157991
607453
376778
874635
324508
812784
604878
201600
710281
381883
152279
717861
246438
30809
29836
789507
746050
596920
811843
461113
701908
888864
482068
904263
989215
525652
393242
284490
968768
905233
712198
323906
771927
643059
880799
627279
836304
769463
832410
389883
303629
366619
339537
585840
368242
592162
862179
900234
410444
859188
991529
551111
410846
317153
652112
775515
378186
934790
50456
63137
830105
370888
400872
244715
845287
701502
394443
777594
645294
369131
870091
689545
340973
513704
347688
235204
742068
632480
411253
296726
272911
646517
128720
965856
607245
639937
27900
466053
73195
820471
285853
851554
37282
538919
957775
758555
465994
236000
816355
6417
773289
912623
163190
67951
176669
328262
33584
864612
977057
176377
696726
451627
487103
780321
645517
144133
163091
245603
450732
402888
771063
104843
324220
331729
150352
823186
172239
127702
196532
744382
814138
973078
651639
283880
483824
207089
367313
175769
316732
607188
701485
300686
243546
280268
174224
45083
418931
426044
197476
372652
746676
811754
901793
735050
545843
381015
30955
18556
59039
474266
706173
482468
686863
79242
558522
451467
931027
206909
51013
737440
631128
427787
740358
30229
221758
286263
416135
747223
922760
234613
761535
228711
462573
6172
730860
420250
196555
102570
102425
289001
222779
533102
667327
507510
23103
241494
167112
710364
155800
222293
577326
920561
107829
917425
458690
787675
245253
992294
887753
209804
467245
489914
961025
693979
710165
42654
960769
345664
267485
730622
620094
252076
83630
366310
665386
703363
380459
859024
780086
923895
70853
337934
618168
333826
403822
787408
949545
906687
876069
846035
349061
835494
995312
509607
96341
272418
735528
521947
671689
503505
123950
134598
600894
470231
786235
923253
606048
505759
901078
109932
361833
556656
293854
804763
53576
82599
591175
485855
889436
696023
375906
90929
576607
353658
7636
69231
710048
156050
500584
505477
198056
618592
97409
518136
378303
675520
738600
700111
110983
386847
930052
132766
848325
924443
708007
380144
587200
319349
345220
672720
332290
667381
230335
746484
758395
629787
462109
425671
679173
179645
452571
111441
458883
85506
386650
346629
963426
157561
864247
917352
349761
227223
939641
204889
92013
450187
272740
337281
398085
754944
578986
355095
959741
654574
921217
766736
101885
20445
681744
697250
656041
478264
425538
172148
116220
682250
991741
63780
783501
405655
905197
869172
728564
27289
758202
632402
848518
285910
549592
78594
175867
399130
883196
493098
4913
639511
522732
12665
522505
781845
307375
760885
3567
349015
742436
46113
798648
965772
611887
502471
62884
99695
73550
277927
661122
641276
714825
700988
579635
173326
266888
160295
549766
206618
350142
294907
297155
699778
935171
296740
932484
692119
651456
728244
901436
575214
997956
581452
295131
443997
314419
84643
548746
904275
623069
689718
163729
399633
121389
854668
749081
23305
436088
986341
417355
534097
170421
531454
784022
793860
138572
757764
642896
981941
162055
324499
848628
667345
205477
619561
846602
11472
847565
650092
297508
742424
253024
973076
983428
655982
186663
131702
450907
315737
670443
782766
634412
117333
450020
605673
370447
602545
404233
824204
104402
27910
771590
42309
820474
17364
461260
715500
277095
579770
208002
106965
936789
643601
628249
858805
132031
804198
235133
501357
661470
349075
957223
306808
153614
179321
512847
477870
137042
724316
140543
860658
153646
1435
388483
518527
371122
871690
5437
464073
902487
906094
303125
711187
340930
685780
469837
164685
469669
605582
841522
170407
562437
532299
632238
352758
909846
672978
907259
476481
875586
992347
696690
631722
885768
535114
175425
267892
455937
250249
349307
944501
697023
878272
417162
683929
396494
93556
925567
348752
497948
600633
302730
306837
683573
206421
873349
476252
866918
589491
636394
834136
69059
531009
218917
318182
869061
573543
585029
188505
552139
298659
734028
836195
590273
670917
673893
974364
148638
783172
445557
427314
980615
347260
574538
53422
632913
606533
363568
998942
549284
950257
484962
854373
574395
999393
497374
801563
927239
627140
633041
326178
564787
488366
786418
587718
832579
554193
434027
196944
37461
678042
519409
639784
577610
129130
931253
703780
999550
542703
440434
264305
447730
348127
759143
574748
364235
58001
963615
148158
387763
177720
412587
475970
580062
151804
277234
773204
745639
606454
140127
942888
966168
824008
820472
60004
855689
6807
639183
488428
425567
32103
964049
108424
811958
688593
737403
27891
906009
571491
31533
714242
446830
617876
395031
493550
305775
94434
272784
116417
541587
850570
547141
200793
557323
504036
727950
339932
926888
469848
385756
6969
850585
2817
638671
680022
317138
898524
116196
809628
149065
485548
621643
65243
647578
662254
873751
476442
6347
410996
905359
538751
239785
104801
916833
20631
142801
923712
321526
948867
169227
849921
206113
917440
23568
883472
536625
377361
666412
965651
453989
368971
600062
407105
643263
967037
442269
5210
358065
687801
445141
345926
791732
972995
939535
512078
212280
966742
490894
26993
172086
643149
967701
204068
681697
206389
441959
493482
690234
716140
936550
847499
355459
317749
457373
891380
561931
609436
769561
286826
946536
284672
419378
390700
364803
586562
739559
365605
576397
167049
816167
399115
219408
235183
243180
704279
570912
650699
787010
557473
206192
281563
604838
227415
974144
11150
29961
14042
859316
98028
166708
272629
166785
272419
851461
974394
206144
515759
111511
194619
392293
216676
879296
619874
315145
240091
34292
882734
228131
441911
688326
683850
578773
62355
90191
205451
804322
402634
986343
519366
258238
531042
223888
570572
474558
878101
342067
874820
775343
231550
789442
466595
725762
259549
16828
965706
369124
338055
579791
219835
36524
936877
984599
418489
492782
450694
40900
705532
340397
431388
51547
835278
709357
311856
664659
332805
23077
84619
926815
673821
722003
547171
629643
713138
669738
760870
744576
882262
775399
550758
192290
464021
80194
603616
829912
762563
825343
591402
718379
464637
509155
586041
436039
631685
626628
693708
513824
592820
640698
2041
647534
449499
463729
806290
182680
723258
685344
522996
127407
838492
343508
913387
763281
418253
764710
224325
812590
798202
588363
397042
996711
156515
420490
902804
196306
696639
498888
912873
858714
587372
595199
981458
908868
996240
542989
98560
457804
127634
812201
6650
984301
467567
542192
795341
59520
138169
807774
482896
403260
680178
684312
846866
523612
581057
374629
787043
523614
519311
135741
717564
599783
164737
115450
696843
682180
896146
53739
721119
464971
599308
908040
215661
663584
154722
182911
651069
585299
178669
14765
554868
899111
866241
471848
82494
46254
53612
835001
752919
670095
543626
904039
289079
958122
210440
150638
675096
945746
987443
977743
634789
661817
830908
175809
952449
686121
264778
546629
34096
366894
990524
587927
630950
697362
680762
242880
205674
865792
827254
945032
822951
31946
612357
951497
140431
292422
741076
272415
990316
939539
200648
557948
747973
465657
324534
818200
702441
24111
398332
852293
943067
623030
659770
671392
664986
581282
469873
960420
905483
358648
649590
206808
590917
771827
179986
2665
570745
770977
368441
76242
438972
721707
857125
999799
97139
670449
827343
946962
856538
182419
353034
652228
12720
521037
568188
782669
768067
917178
286137
358807
689491
273657
999677
154605
748454
631085
232390
756489
835496
902174
948108
45770
715772
506941
786334
824068
371363
510532
30747
70577
980743
13628
15433
183686
938789
720920
494677
708897
408854
118655
648360
17310
75192
481511
328673
994057
856765
248477
811765
110957
421584
305569
278177
367371
750303
306541
938183
998567
882505
662038
46124
869436
489254
655756
957901
143
878637
488764
735833
224161
965702
348884
118352
985405
869037
81830
13302
530546
614719
668710
411891
185563
783525
406862
753546
403930
880858
899424
748660
754083
846746
309323
595097
614772
430121
883559
31530
173218
471357
245211
405789
591695
797576
712158
214470
610360
307622
962522
378447
899691
757600
906540
462292
556374
922843
373448
201181
406201
770784
457658
65977
81085
111753
600007
943603
260639
576260
484402
180468
708933
866311
3418
533237
599729
183120
846977
43998
883795
384600
585959
367168
103416
99412
184341
519212
903393
428582
424821
154542
530607
743783
731870
313641
8761
744265
328558
550544
212352
629037
80401
88702
567290
371136
340190
690547
382218
647698
975712
141484
310673
941621
940017
247134
897182
558670
676162
290766
772417
557243
481656
243600
578237
181857
244017
730394
113883
899792
910372
525636
382427
759893
975143
695454
928902
173597
256585
871022
60639
773057
741343
287556
624311
624882
36060
29884
384672
491266
474330
172688
749177
610317
58933
638487
458536
956674
458262
814366
583079
814354
518990
220065
243125
329971
963032
641127
966828
101137
989953
94455
883251
264146
729699
821114
245833
893124
604493
442862
61762
326950
62526
265412
813391
933008
595856
543320
923253
923583
639090
295051
282912
849409
644622
691774
264593
849657
581449
254828
898162
454288
362600
515556
669066
727480
33488
932002
655051
472990
984422
581577
535241
94636
429653
221888
588741
112440
62509
161894
541416
416332
138473
956659
187147
756946
815817
787180
898675
83420
907294
799490
638938
394126
434724
489608
102120
961385
698057
126928
571201
996660
465612
49121
207159
382153
370049
223894
223712
444217
356144
393430
460931
320797
337565
858475
393580
514106
62563
32129
850207
9040
829050
578686
157033
952639
759384
526520
912210
990486
561779
94103
528750
341562
20771
906632
535826
955888
744614
854491
168356
984007
39614
353019
829452
600357
468405
472007
14407
828908
706048
237393
377626
405768
248769
333746
395683
80792
7143
104007
520394
390070
76273
544909
197655
799525
490127
980309
942302
363926
477353
837347
745429
318423
32953
171177
583622
14745
155539
182427
590751
731868
922565
880687
528231
715129
824985
117043
411339
188683
996535
81738
374743
445883
488551
264964
647744
13415
960117
77465
679069
428015
61869
868418
839478
182555
869126
167157
832181
676076
870363
190459
962489
871422
470548
170543
755594
112406
612835
193941
147559
952334
806763
392852
365306
381786
970299
462353
906605
63350
274231
559146
729749
941038
803287
830860
27468
986121
66441
203250
156510
380115
556338
393019
531418
829830
355282
403045
53384
269012
859590
231596
455929
416340
263526
172921
445689
390150
658126
808905
330785
483909
737978
240027
448969
286024
439307
36885
990875
284372
548774
929204
54084
160258
650556
951726
143235
175592
9572
516775
405923
874599
82915
803851
524102
944913
827214
427918
686679
82932
157319
942142
401313
816456
857891
193921
37054
522289
209260
271089
42279
321136
698818
371152
619499
747564
792540
69098
264763
634457
993836
424262
820577
948163
722785
732040
296145
985145
534086
557862
765400
392664
891143
431365
234417
125171
340052
853871
271223
33372
687838
56947
96948
320402
426431
181722
48279
704454
445750
354497
296324
768012
277584
58008
676870
196315
821410
290934
201888
645952
339826
706902
239361
861414
880949
400626
647381
629946
89971
148666
137016
354686
419655
44913
438789
366380
804610
332773
861901
948100
206319
783305
695715
483444
425842
193008
42965
291364
80586
217896
362229
89243
352565
779761
706965
412369
535347
1369
227024
688529
504674
737717
167173
112010
129160
238141
22495
162932
335024
502021
792080
980186
540843
958420
139228
985479
366968
402083
505105
712913
496126
70835
201557
736765
213557
637451
916440
345869
772069
574669
182248
444589
766151
896820
164387
427126
51527
307117
380742
767004
264811
353230
582500
408251
113293
866871
206835
10425
163524
467588
251841
992919
435105
905708
823556
870937
138389
926649
114062
497936
50800
728548
552031
759617
361604
567692
213268
597812
740776
676499
100286
717786
500248
575702
868046
304219
671802
840646
940908
535100
299132
762407
867430
975210
643032
335525
55749
855141
171257
637390
889852
74188
418552
941361
713850
39681
735871
313104
10783
244984
227790
831684
125130
721633
506268
719214
422417
854512
910101
692501
863690
800581
419330
603681
249222
445757
373703
778099
610270
944213
263301
810783
360677
97206
335200
760135
378364
18977
974426
213781
969541
668791
557470
717716
824816
569190
966361
304620
97713
716524
503299
957880
613586
810825
719228
673926
201508
457285
318161
314218
847953
165339
818717
425983
720013
143745
576972
426875
655595
118101
782075
605486
672268
122789
28603
103191
438834
255451
748469
377059
517938
699395
569255
279107
327624
47995
687052
833128
349572
893814
205402
538334
371235
723756
646693
502594
543353
15522
952801
616162
803593
373585
557637
12591
164535
460598
74506
807585
671700
332022
278418
138600
46233
347371
206182
993802
675439
760783
10840
547294
533995
147779
718535
85091
540503
995197
28289
800573
270955
830669
935107
600718
499547
131466
469979
281581
951498
602525
715567
958982
115100
847849
637590
56206
956969
69462
135716
767456
737549
436729
357379
609849
74204
684257
500924
632013
368307
657601
541973
284612
184618
532405
816021
495572
178917
57395
408035
747515
898314
341967
521741
246042
467852
587562
584484
310761
881574
786168
225987
979291
953380
880237
248881
126671
94043
717764
92252
94383
853369
729708
422342
218729
110839
818383
130876
610056
576875
427135
801344
469614
965369
4479
924936
487792
582954
930988
333215
747214
524629
253319
381802
701325
429945
441888
491781
179507
651181
710751
921868
394399
176110
879730
873718
927234
650712
487247
156187
35006
239664
504676
863638
728729
101917
512035
877829
361182
116215
493923
157805
74576
588280
190389
536827
848972
320272
820740
507045
269370
379476
919271
133935
160879
366678
124551
884234
284003
652560
107752
191255
148490
205561
946006
739657
495825
654394
685484
797159
348342
649146
324676
884209
952580
450581
667702
111002
892138
46124
83343
245300
536439
484246
407504
567978
297589
252725
184543
314918
835423
727651
752271
881555
774975
237514
643335
395132
96936
933139
17617
467923
907021
995190
463617
142734
164669
601200
847168
700780
385020
172243
706676
617942
145471
864951
44045
87584
769539
10510
457839
234542
135306
812437
536503
358452
164915
192679
660396
187989
463605
97580
233476
748397
893432
365742
509456
24554
939280
380108
465541
554709
409238
510407
419559
898607
931365
361849
450707
31798
905070
381286
388586
333255
680761
617259
60054
355293
209528
394579
59130
437431
514377
10505
641402
687000
528393
588711
581219
916840
161232
310124
605817
896312
450124
424077
453532
706019
824701
326306
449430
432911
817802
523713
618180
680083
158143
859944
365790
754291
992356
723923
399204
772358
154491
149166
500262
890937
812117
997541
737904
872812
313169
379607
243857
385146
88242
911912
108551
408150
988380
184245
945353
487760
344363
47907
530481
42871
224560
902225
185603
495321
59657
679340
30814
92134
341212
67232
79293
372083
933232
660203
891946
95002
823464
886286
148545
170430
705820
277406
826269
689516
185173
388663
857057
762717
200101
201871
514597
68440
599457
334568
672250
464564
413117
607711
93020
45051
316418
11682
119667
644650
511982
762303
82246
920726
13352
165847
975421
402984
426654
675505
545425
376265
921789
430699
450258
554073
3404
690507
588948
476120
208101
767603
515703
810471
450322
35251
919826
348073
2944
927033
152188
816452
517538
493667
208310
18884
679461
12469
197496
790686
619979
310758
499414
104273
758439
43541
653263
629288
230580
97945
873715
627869
569745
219125
29230
10647
464029
455594
406516
493460
822891
228967
700363
833826
405026
892828
803824
474504
79348
336940
327655
775745
219577
250817
263266
695976
493031
144761
390349
25519
745008
171390
359156
209865
917560
642291
38226
209448
56498
447562
12663
427488
908630
416242
241492
301931
410305
391214
107814
150022
68776
65793
978237
173752
410618
636741
406313
798450
896402
422427
896896
261714
34838
963005
940557
61762
883375
533040
771480
77565
243429
635477
627278
1586
670358
484701
118541
524096
646226
668060
175246
934306
838230
859767
532336
983588
778915
992312
812509
811987
903931
659648
856219
575284
894136
866012
879857
379050
881481
227760
136947
844219
440265
430095
619693
813804
658237
597805
693672
436680
807594
205036
416027
752064
23185
7890
783089
11948
311561
250268
508339
530863
325495
604779
296147
637753
263531
705053
468500
932263
286170
280183
385496
727429
39988
226558
621768
633395
911906
722789
485274
893797
161246
798752
75330
977348
93486
591831
799159
315890
310910
590134
321888
172715
528153
776289
660123
229574
161476
942789
149674
77531
628471
430410
257275
660799
971385
284836
142995
372331
604567
876169
30294
880251
693888
576765
593269
542034
51072
858568
594676
492698
225367
345801
951383
440233
120821
649765
89000
910271
611477
169688
260008
496556
102963
783979
966992
32847
332459
681670
433282
836152
978224
334877
664657
394479
545061
134982
520361
546510
472219
961451
992669
591561
844456
790107
315852
167694
578976
812283
8174
745863
856179
579225
296064
564413
126499
66721
606410
886358
487968
330536
15114
505407
351489
554854
127103
972260
16097
113153
828691
81692
760020
295108
907429
585122
828933
472814
995123
868990
969453
597031
761889
286339
854834
758989
833000
446769
690650
409773
483870
417722
209386
73102
45149
481954
771359
989863
532051
265983
445960
826352
98982
840672
290430
747797
820353
815690
383169
951943
304768
386846
549873
5421
265460
411094
165734
532601
451667
439406
347820
504725
430079
485343
860766
485883
410609
145734
639454
650468
682242
231972
630382
465368
234198
203327
350318
933156
642021
615781
419186
78506
460391
58000
919103
305682
573852
195493
144738
986718
703413
422679
827566
92700
877410
32488
561616
562164
655097
296528
211152
530529
684992
471478
140582
287677
663511
12443
289207
51956
185989
256150
575531
609179
474973
267002
656812
271769
370060
678099
528764
163331
730498
623695
901043
274502
3579
355706
428372
207229
992041
136994
454731
224803
555392
147034
668934
311906
778461
241049
77485
151498
675988
231682
727807
437789
498389
261246
415946
680519
82425
328901
753607
871723
891503
493436
908368
867288
616125
902137
760190
706970
729333
675298
201635
93933
475959
19763
208801
584653
572061
933021
143717
818792
250375
293004
674180
220149
53506
642049
537008
900062
339991
672927
656726
231129
944238
309825
886936
869717
199390
428744
852386
813583
879698
969010
238507
940675
559577
512997
843082
48896
542793
551244
487602
49364
49041
266904
90508
937831
649050
698728
213359
769188
991386
712963
594239
718610
364469
961154
75231
137153
55119
526923
688788
386399
567794
337656
304823
233514
948761
576725
883286
690432
638039
631752
522985
786
362983
236940
882476
986103
674577
549526
433054
567964
945397
56728
713940
594778
640375
586275
788666
550880
154631
705255
810791
198863
106699
867478
287004
70437
123884
931175
2842
63888
44154
100151
490845
692900
202813
931081
487224
233512
384793
380270
216974
246603
803996
875840
773354
252980
800936
584456
252668
430071
699064
772223
581681
267939
969232
401202
514349
363064
711237
594878
851752
64054
48678
770107
308002
854416
544390
469558
55620
925760
518823
137046
84437
261940
22725
856671
564757
880934
207484
194581
487674
986825
194966
162616
529540
349663
363253
820014
636991
957159
147226
889983
116437
815156
232847
209786
502157
167129
993399
385140
969572
306497
525168
832944
200646
221211
994338
695578
885225
660274
324455
58478
406087
442202
885143
727414
765302
924422
218158
810544
703781
522551
31708
666637
479157
681551
670826
921174
844273
460292
94340
487274
854444
853487
937959
727074
267958
551684
241576
36949
695418
311261
138846
510199
510199
767087
629421
918300
283161
897437
742640
407707
756787
666859
17346
37325
702492
167435
8297
854645
740259
80595
91168
802425
410160
395216
907968
666703
295224
10292
402378
890227
208924
495530
526163
594708
383839
18634
206092
370255
401538
723560
426349
604306
593022
80263
453502
330275
900830
421611
613186
720057
32566
81484
266944
267080
188355
744743
852207
334362
398369
251822
356925
555161
203043
694815
363196
845225
784978
817906
481514
427826
151813
829035
645531
605691
657242
158800
820869
487410
551374
762101
991272
214856
528382
489971
316888
104505
220923
730359
127464
43625
995396
688054
630773
509674
809186
947710
907404
142810
433957
455784
377
102185
840310
490282
196205
183865
487513
338569
214987
779486
306626
740395
822991
917893
806928
556298
718683
601328
594602
907013
84064
87007
228853
470864
619685
256907
8367
29708
733815
334603
17131
140082
58605
455514
812777
780712
333207
323824
357265
326710
907907
900364
317452
709202
297835
714707
433216
532055
750654
215058
844262
304788
947337
534432
972041
119105
247170
716639
24540
491277
644209
97825
788025
772819
549756
768998
653746
752554
834893
256771
437398
461531
540514
378463
423042
413486
488176
790424
869152
914781
892725
754371
423041
701546
79321
34768
840659
498380
254400
575883
521151
139204
682863
431614
383905
483151
908504
432500
6629
39540
90051
949080
220283
780093
942043
432764
14966
634050
86099
284919
758406
155616
875251
184678
245904
801801
715331
264146
690087
732022
341074
569394
728234
925047
804451
910983
403386
690474
762229
872549
279637
694602
694126
363666
816660
273439
384035
564231
88253
370771
212358
901139
490374
964261
241453
408351
989927
907062
433595
213836
536346
595777
742445
301113
209202
662376
452291
52256
486869
341417
646984
751072
554200
546543
485888
209813
194293
692677
755822
657187
933867
562021
490239
175698
523443
11567
394198
121171
82458
74165
132469
608545
60800
294643
500677
511875
172651
765596
886850
989678
805193
193359
111429
300551
248384
79145
158831
596229
191412
444596
429167
234357
796180
212924
773297
800727
52769
680386
803556
192486
53565
150602
838821
746037
538539
174351
427085
437109
940201
301207
391892
812563
920295
853601
139872
831806
662691
156282
345710
910918
406498
390958
626204
770912
844812
805084
39888
26246
84517
344867
84233
572539
968804
428664
376832
16236
801458
978522
726010
898226
443008
511580
230893
566452
668549
283297
94092
927274
117331
458791
728753
833212
575445
548025
58278
776649
725927
402568
588752
564739
527570
50836
750137
854327
95459
111173
449721
194474
174054
811542
54847
712927
776196
134833
546497
947510
416118
89749
72382
192430
586341
414515
688428
23563
112480
879065
871876
191891
591417
104773
270566
288818
920636
273692
936937
682749
1933
814259
581891
479635
345821
359689
533138
773792
461833
811672
363077
308091
755215
250752
9386
470703
890477
840100
265300
298327
687512
85200
610728
715042
445910
326359
602308
685815
725880
175484
187277
465458
635896
77958
990356
855499
347179
170807
736869
314968
639010
673877
179499
290153
121443
660007
454787
773137
288831
559612
503835
711236
549008
652772
321479
25628
135185
195138
884896
687222
545370
325049
236697
865593
639350
299396
251168
131574
912930
257634
641836
76075
897061
19758
632297
24546
335687
169997
511038
867767
276399
734912
331319
956342
850589
186457
642836
644643
652416
907850
105517
353171
100276
917336
411264
498103
773276
59311
927833
888889
916569
276048
133980
490686
297508
302053
134578
866956
99790
776054
868174
165509
264017
558387
916827
194002
174097
547953
234500
984731
438645
720242
104863
317298
2077
4829
927799
669583
513791
67404
511092
425398
192097
445188
854313
255669
261173
39296
781562
954441
900428
945062
161192
971425
817080
951771
630715
812794
23683
378546
960651
455913
197317
378687
300138
152055
802854
744522
969329
609126
241521
984671
804326
351634
459408
656963
676231
88627
807530
621377
35638
265919
801366
601698
260992
810476
456506
816634
771595
483667
712581
296415
544028
597616
121285
571637
189315
879942
484773
591589
983267
742687
118855
668332
685730
538801
669882
745679
1065
702685
593816
103980
841560
183121
258367
612140
887882
536908
404010
454485
188160
150017
508331
92284
523628
527893
52103
51544
443868
85059
581485
574001
754817
556575
142165
522678
152604
619000
873778
947054
104260
2070
273683
733703
939414
391970
273435
56139
903929
936357
438683
473136
439564
473513
203401
50766
486767
255419
182624
64043
913579
556114
156947
448434
964735
955402
300143
174403
389576
681289
56908
33700
528715
560451
335471
11092
25954
349848
539007
996544
149890
209690
665186
928079
948773
19629
107764
688280
284632
825031
77412
480307
572643
980696
161450
937133
227984
758211
809000
188437
118938
127433
433693
189043
299828
320071
514752
680600
793586
93270
954175
455441
477336
433232
425939
917429
178110
480690
754304
780190
5852
809693
883622
432884
345144
367223
514247
525925
198505
41902
199062
239089
876806
887005
356664
525025
736752
959175
784602
29527
268665
644159
581806
887745
586992
351658
190339
830119
281419
187677
706047
190052
868143
250464
728892
909426
969950
289236
948925
532510
736637
851760
798348
772634
604097
988391
67889
756465
150774
61990
534608
113877
863916
658425
592160
475860
767934
179981
326340
760233
811136
77776
880007
504431
286212
844789
244281
915313
712265
471827
363360
964828
77249
46701
67549
59798
228734
580364
550493
584615
107192
538761
680440
907669
893693
287591
65641
889103
90165
221852
208811
280255
836561
983409
136364
502530
119376
517375
568560
659572
663661
233113
121733
133348
93225
609736
430110
256039
79024
603889
222095
851848
607019
652115
478500
411869
868769
217325
782046
667957
465354
46012
464971
158445
698802
344290
933313
915041
866503
919266
699575
858752
241599
686088
57343
406265
461544
674918
371940
47954
608397
947192
924572
725655
250434
973353
852906
72303
992333
886319
287187
334730
160945
479057
589306
787958
176920
888137
501978
501457
73372
695044
810592
384217
473650
860933
492899
398495
571891
757866
617985
13146
565769
989447
428695
686488
836402
330606
878492
608143
213492
496529
174939
579986
698781
509182
310027
527391
708982
505480
250508
416597
818180
710918
691712
92803
866746
522293
667268
205467
756094
997113
414922
664325
124438
889345
464021
159376
42159
752327
227087
829251
253066
589303
483146
979154
658052
202471
710545
400236
24320
191237
753642
928305
729586
436495
960044
648065
995723
972410
474039
554352
227388
17270
86931
370389
711337
582409
780008
818562
473452
402648
318871
798669
383107
445573
239541
530189
960855
432049
102498
574945
445162
343906
357001
940714
730076
483648
780470
361368
840409
186
475726
98210
471330
606790
664880
798223
860215
170373
19815
601330
278303
413956
51464
369523
80595
117343
285039
41543
447629
652480
719184
752961
83112
353541
850492
770562
730100
717312
133171
23564
260248
848791
713440
980405
183012
246476
43317
682423
379635
372119
370595
427556
66105
874864
972470
714230
885807
734185
697996
504709
484248
905271
676912
788305
992430
678161
789143
794495
596590
941616
911862
821921
668413
361911
857598
156398
721333
968941
86966
279249
479505
497509
862963
530333
102833
584575
225973
679069
232969
342919
430433
186249
924396
967738
174999
862293
996145
307049
13871
382116
490495
772407
568789
796699
941563
501372
121406
18512
207690
323532
552454
83104
147013
417362
512360
525023
99001
478997
942489
32939
903831
669469
577921
671706
940095
765679
447319
726289
854499
32627
623448
667318
60443
470647
688547
284861
947334
723276
548084
647263
429143
384782
861435
678185
513795
23618
109592
703857
855493
437719
304758
286755
133388
930255
894145
857913
887363
249527
50629
15945
524474
690962
662756
89016
38134
158420
526900
387084
856530
660106
446387
914720
647631
866327
950567
336304
537920
783768
336918
938132
51211
82857
606047
596362
11484
402241
906420
86508
974636
214200
453493
247936
925161
759914
458473
253806
526339
250547
994779
3660
73043
530521
330703
796181
17447
147529
293024
397049
193454
654650
566007
256910
790461
573230
500650
981348
314555
173335
308590
487478
835504
967958
667642
790075
663396
860510
958459
633436
368503
883256
123629
860993
883069
149471
9437
919429
908755
470987
62264
812360
811331
254027
883342
229538
873935
906763
246889
496564
84190
102389
922180
816731
649472
559412
506986
62974
297952
66900
783981
551495
629189
689286
492287
106990
820164
887999
14448
871345
486534
118143
885572
309920
509554
228015
411952
410196
214967
152803
527857
268608
988663
508608
418570
52767
519891
271799
823640
649677
113039
799407
867411
488562
639778
792065
37091
929753
200541
782429
924060
807519
64757
690378
837976
48006
421871
523466
860592
520873
659239
709019
526294
1354
660220
972442
158482
520071
850843
126339
659031
702251
364967
846291
704642
643873
187714
375246
987054
163396
825147
789468
830902
688401
781396
270095
509576
594814
819566
692672
754786
827172
335315
4567
282861
797399
135456
447656
759794
91734
595661
718266
600957
772702
587163
1316
643917
495321
238297
373201
18740
917172
950098
929058
219665
883854
15958
432562
247848
79116
64419
233845
993435
638089
375921
260537
955719
997611
271447
550287
782654
762193
922653
192771
473948
326376
368351
444486
469256
837981
381786
253229
150665
355244
874838
736658
185922
469655
160560
425176
87820
83635
552899
447565
54574
580380
235442
598568
945275
689417
912149
446193
241033
972154
850558
291968
719241
326862
607335
575069
954888
17201
682233
918727
341057
852594
765947
86928
254172
245234
2710
779237
210055
677048
909761
812652
75760
62306
861837
304838
658588
560246
448783
595379
2663
885399
719461
672597
206168
405267
371751
718605
550752
123865
866092
704066
694320
268872
164086
712384
831284
574178
755963
89148
700975
868575
689232
296246
969140
250334
981108
344119
433278
92662
516023
545850
211629
581291
598725
360167
53278
133693
69907
286202
718885
318810
428901
39491
599785
729203
177529
289670
62941
429611
407956
158722
808279
939564
358310
797775
541966
496852
236188
709088
970293
686413
794755
584232
115694
551995
628500
859354
462637
366734
939168
644296
884522
635767
369177
109613
282946
908471
358842
57286
390891
131538
749012
445722
466002
426595
205878
559835
37331
182729
823929
307109
795348
769343
787109
952291
752766
533642
265540
982609
760089
654475
683905
83867
489028
913460
102011
181925
903437
404311
817196
451876
545907
1626
979760
775401
347381
301703
599349
484030
778454
494528
666366
231337
7216
155343
279827
338445
172914
322076
880841
236912
572600
919736
913642
565528
141190
304341
934464
125134
96
613592
13827
86660
208840
513735
672284
384978
769109
967645
199829
708060
716844
714685
47392
249168
342110
5635
779905
516940
970462
438901
876056
575900
22237
396120
377935
818785
452100
232607
40796
335885
450061
566782
662323
937738
74686
976350
506508
655354
410820
352169
492108
407898
953192
250116
71122
446080
557616
938973
540449
811075
351637
553178
668069
579321
926427
510192
870628
478811
353939
59669
228418
986117
487529
912973
475568
356186
133802
194401
294707
820933
533143
784623
658701
344858
842014
337306
880010
668570
263547
843297
722344
540565
545003
433293
996131
30570
14856
122564
512605
446570
167750
682556
170983
227867
425864
862793
984815
131416
905184
597590
748550
784918
592738
586034
448588
768577
519971
2178
563833
155204
876115
836309
982603
907432
231092
138133
842440
470612
185334
451480
89455
188339
285937
807062
719615
71539
635582
151157
74595
20585
690675
478913
697784
396369
676025
343415
873661
966771
952522
598336
730326
515810
117132
280315
296637
415071
765765
222067
479045
600922
776315
551536
414796
552920
276713
153833
910205
868784
774751
88727
269631
911023
42871
52516
822526
381787
395311
995650
154580
203605
371560
83737
930195
702551
251002
142232
207217
595037
488178
146541
259025
662817
845673
958543
748522
750270
897602
822840
48854
403446
562687
600497
155833
677647
57728
170821
935308
640344
87258
923735
337733
755785
427600
490192
194725
9032
637809
277040
791006
299720
338829
738182
50334
