754928
918206
515134
274551
143633
303917
16525
825756
139860
665113
597597
315358
592653
758238
113605
827023
739781
558624
138506
271112
794879
777709
623673
756431
842389
796846
508310
757666
381568
393034
55470
919715
600566
6232
256969
883423
222573
8254
592252
949116
889150
681835
773787
728127
959973
127213
151371
53432
739109
138991
573364
827787
479368
739987
719126
951643
485828
203048
433459
80148
150713
907080
225002
909845
807511
959121
922276
506617
450141
389054
626087
89665
652540
403105
760456
405855
238938
88895
701181
874785
137778
953736
679248
737208
532568
237105
5552
944805
968986
171376
751138
599999
268482
781011
640341
540067
297337
778558
857874
742712
490182
396799
561682
810525
27699
460623
434857
508914
203536
130216
549601
908224
636241
311869
922786
976134
172434
77275
49292
435809
412988
643162
140391
379927
798143
799935
834034
656703
373439
774770
955864
127889
484811
894678
174400
786694
482760
461642
340867
645931
370668
955132
316345
917896
993254
477797
814700
381735
979931
399716
271662
877571
185612
762747
60487
84111
943699
841504
724742
157023
626828
697217
695160
520887
932881
21720
329783
496943
481245
210726
36250
232895
139282
564687
541066
91373
447829
466513
675124
690960
889623
663138
218202
301247
83695
172518
686853
789467
450019
284426
497941
164022
211590
142656
582392
6751
31931
49303
100921
810572
542935
353461
20016
384802
83173
785716
342488
937251
930819
758167
283645
224308
253033
678376
57748
390858
838730
862447
716261
200369
740115
285584
864483
758713
140624
498754
897500
636029
480174
799912
215499
243537
146011
961934
883595
147079
753737
310145
613734
996702
200402
98955
672268
21256
847414
976073
863839
65495
785599
472555
619563
394179
786117
758792
144499
364570
16462
197788
2214
100996
611149
559263
861745
625778
630539
378626
198702
30627
669091
535752
142842
78099
218151
515711
286756
136448
539041
87707
511488
859993
403572
600813
829084
970246
750112
836613
859978
140431
135203
571297
724316
796394
21117
485264
373102
274403
812429
34791
857949
821226
878551
597407
400278
403700
932647
89802
676425
773071
342862
678000
839931
166023
536779
531274
955323
762413
325958
66522
734444
894730
705397
433061
468289
849888
561825
157518
173704
127129
147779
494545
603101
19599
680776
101656
735295
181303
820020
75517
264895
773226
267491
656093
561556
984210
388842
65749
774796
922285
785563
959324
456029
655361
825575
779389
885402
504349
858718
394735
118913
94151
705811
22482
907953
196103
851867
568136
239288
186063
766643
392238
518474
716549
909377
556342
305999
889519
844147
324771
796243
115066
307908
468127
11169
793575
93085
734076
73961
437139
514648
957957
194782
108641
77727
893377
728733
655942
576179
607044
985287
185520
323209
199473
130095
506644
832335
545039
508527
507666
530572
357767
696085
504392
45221
590648
363451
156336
36987
610679
666036
12982
584306
907238
965410
912027
94157
643631
929253
600767
436149
287070
385390
891150
686488
74584
280753
598474
892462
500540
302777
819248
45335
82261
168725
947850
373793
32889
957808
785424
51429
219457
731775
924796
119696
746020
510035
799529
27584
130226
188046
306471
555780
657643
55154
334878
183302
724346
269333
615451
603141
784721
970353
811388
569466
352418
260568
399732
365596
545207
798788
292156
251199
258926
504780
219031
371863
931541
42611
740735
603355
982366
514843
640753
254085
108799
279575
190354
834998
168360
768989
640189
27189
251362
682202
571562
227160
840257
667936
524476
124411
737989
739707
720743
827757
501139
670369
290747
808939
558475
21127
722066
946628
442373
798096
917010
433947
819949
306144
453792
973195
168888
484623
894946
807205
167874
829562
761646
637524
78918
806131
99092
662882
537017
796824
903748
360147
545219
278657
779550
77871
794139
455763
398869
919646
17534
27250
473534
448235
948171
468435
233083
34155
969022
855151
226558
624951
602887
842899
919676
309332
867654
587668
109936
644084
183846
936033
600521
462870
815571
285937
788082
847880
232217
190426
387643
813196
70234
800771
432425
217689
101612
522290
831063
306296
760909
771327
170375
831631
629059
371498
658185
260859
773461
357192
540358
311190
392223
459416
964201
552152
193750
688179
713963
695705
867225
448546
998714
977460
669999
221514
856774
826056
356195
263490
355304
823640
142201
723909
145711
441810
442700
983747
788359
868269
994437
953810
852680
216235
467770
740417
308057
432830
411360
831885
208063
225415
340335
737773
929158
741625
932881
143240
185674
268892
204614
37895
720162
826862
139031
32772
583146
396324
945780
907937
308076
586254
385196
93622
389994
6168
165449
944418
684043
905516
494854
317058
877024
811765
616622
51648
141457
403711
590035
542851
681960
359482
499559
787780
626298
304861
766266
22721
117933
672488
113936
581194
184939
282753
262238
297912
210658
655168
510305
967101
826101
259782
520412
495767
46722
545416
286508
44639
22544
861994
109065
923646
510613
141254
780187
703230
997858
522187
154294
149438
878764
565186
375924
304320
166712
27692
469486
592476
424354
270600
774231
554456
840265
336689
420724
177295
269978
801699
167803
406029
695864
898398
913736
360637
378949
6371
625526
377017
331728
823195
729440
268353
711835
946071
262708
802888
870407
881330
60272
883431
26270
279827
899645
960692
292221
895567
69156
863470
993308
109355
662769
658127
293692
136191
287267
995140
840172
869877
940172
368313
471735
291249
928204
788237
532973
628235
133412
279781
767948
783799
435705
489693
134732
608902
759080
984024
525316
66501
964864
157880
255356
962947
481184
735081
735312
2481
341294
171416
126013
468258
201521
466114
360331
135601
481484
320551
647767
192641
523736
373981
581308
862495
1372
351936
308702
405636
279916
860487
892370
623416
227995
254322
805997
66064
536669
986015
498152
44888
570302
87996
126381
229899
671993
943255
247936
547775
781686
344338
683405
436382
218404
676210
508810
291598
698670
12694
752392
238194
208796
601028
250652
826506
999625
664543
577252
518198
659965
926069
476536
638552
118886
25653
963503
302678
572792
215805
781643
801983
688990
981330
939458
831749
946075
150825
959018
667560
734338
142114
17983
190900
486478
735700
207124
667041
929759
894403
607573
334296
518162
928110
669876
112725
52731
188165
647672
186151
673601
689272
682398
661525
584023
41323
481195
509019
151123
532806
403215
904017
602860
416616
177207
17325
746005
468411
404848
34335
422896
424738
383347
522458
965361
145999
89297
202291
342416
988914
843836
390049
458282
559244
588975
643685
245237
759522
971963
864515
35038
212748
964400
642670
208961
394157
556452
805057
290500
173373
330723
350506
808145
575233
535667
879841
403054
411228
10050
918870
916346
950271
719790
860905
59334
635325
686641
656019
972685
967674
378919
110626
92945
580609
575806
118177
897428
258739
260857
985173
226993
883869
197089
225508
692053
352867
19720
510225
768156
812057
827899
